100 0.00266035397847
200 0.0114333629608
300 0.0326639811198
400 0.0699400107066
500 0.128894329071
600 0.214148680369
700 0.327722628911
800 0.480775674184
900 0.668970346451
1000 0.915301720301
1100 1.18802301089
1200 1.52619759242
1300 1.96626671155
1400 2.38977098465
1500 2.92807300886
1600 3.51010394096
1700 4.21286296844
1800 4.95439434052
1900 5.83080601692
2000 6.77936736743
2100 7.79280734062
2200 9.09374006589
2300 9.94126168887
2400 11.6434907118
2500 13.0219936371
2600 14.5995106697
2700 16.5117247105
2800 18.2215999762
2900 19.8567163944
3000 22.2616956234
