100 0.0053026676178
200 0.0232079823812
300 0.0301213264465
400 0.0540839831034
500 0.104221343994
600 0.156091690063
700 0.22377038002
800 0.309527953466
900 0.4595460097
1000 0.590258995692
1100 0.69862763087
1200 0.969357649485
1300 1.26426164309
1400 1.59591730436
1500 1.88473033905
1600 2.73075731595
1700 2.96618231138
1800 3.0320212841
1900 3.85887400309
2000 4.16620699565
2100 4.85661331813
2200 5.18338831266
2300 6.11781740189
2400 6.8710946242
2500 8.36499063174
2600 8.8012509346
2700 9.91390299797
2800 10.757855018
2900 11.9501199722
3000 13.06082201
