100 0.00477894147237
200 0.0201687018077
300 0.0349819660187
400 0.0584206581116
500 0.0990042686462
600 0.146770954132
700 0.353946050008
800 0.405502001444
900 0.456707000732
1000 0.602351665497
1100 0.977596362432
1200 1.19329404831
1300 1.20940796534
1400 1.44469730059
1500 1.8333483537
1600 2.19913601875
1700 2.57143735886
1800 2.95216862361
1900 3.60760299365
2000 5.20755736033
2100 5.09093268712
2200 5.30679496129
2300 6.27007301648
2400 7.05045167605
2500 7.75897232691
2600 8.8297967116
2700 9.76285735766
2800 10.5920449893
2900 12.2037746112
3000 12.6605523427
