100 0.00520197550456
200 0.020657936732
300 0.0271730422974
400 0.0544476509094
500 0.0952713489532
600 0.156373341878
700 0.22873266538
800 0.330911318461
900 0.441651980082
1000 0.597440004349
1100 0.769478321075
1200 0.981140295664
1300 1.21585035324
1400 1.46792205175
1500 1.79926037788
1600 2.192029953
1700 2.5823170344
1800 3.02390400569
1900 3.51420235634
2000 4.27887193362
2100 4.6780722936
2200 5.31028366089
2300 6.05874530474
2400 6.99541171392
2500 7.97075565656
2600 8.63835032781
2700 9.52247834206
2800 10.7516289552
2900 11.6800633272
3000 12.9704713027
