100 0.00515000025431
200 0.0216902891795
300 0.0275146166484
400 0.0534936587016
500 0.090869029363
600 0.150029023488
700 0.228111982346
800 0.321840365728
900 0.445637305578
1000 0.606312990189
1100 0.776113986969
1200 0.987605969111
1300 1.58467698097
1400 1.47289967537
1500 1.81917095184
1600 2.46552737554
1700 2.61233234406
1800 3.0425649484
1900 3.54950165749
2000 4.14707867304
2100 4.70055135091
2200 5.36274131139
2300 6.13233200709
2400 7.01212000847
2500 7.7361193498
2600 8.68495305379
2700 9.73257430394
2800 10.5558696588
2900 12.1049623489
3000 12.9891046683
