100 0.00485928853353
200 0.0148313045502
300 0.0323746999105
400 0.0693116982778
500 0.129677295685
600 0.209785699844
700 0.326023340225
800 0.481551408768
900 0.671470006307
1000 0.896256685257
1100 1.18682495753
1200 1.53147339821
1300 1.93179829915
1400 2.35519266129
1500 2.90452766418
1600 3.53539697329
1700 4.12399204572
1800 4.91004133224
1900 5.81285436948
2000 6.71037769318
2100 7.66304763158
2200 8.9510383606
2300 10.0344736576
2400 11.4047516187
2500 12.8394533793
2600 14.3714880149
2700 16.1611249447
2800 17.9792736371
2900 19.8457126617
3000 21.8293530146
