100	0.0088768005371094
200	0.0222151279449463
300	0.0584220886230469
400	0.1321079730987549
500	0.2892661094665527
600	0.4856779575347900
700	0.7274150848388672
800	1.0500631332397461
900	1.5212900638580322
1000 2.0514891147613525
1100 2.7057290077209473
1200	3.9842720031738281
1300	4.7044451236724854
1400	6.0334310531616211
1500	7.6451869010925293
1600	9.5958850383758545
1700	11.8524551391601562
1800	14.3596680164337158
1900	16.8970491886138916
2000	22.1173851490020752
2100	24.1555690765380859
2200	27.0519499778747559
2300	31.5013930797576904
2400	36.0329339504241943
2500	41.8754661083221436
2600	46.0965030193328857
2700	52.4130530357360840
2800	58.6313979625701904
2900	66.3597681522369385
3000	72.9715609550476074
