100 0.00441598892212
200 0.0111126899719
300 0.0306753317515
400 0.0515856742859
500 0.0990086396535
600 0.152724981308
700 0.230746030807
800 0.411560376485
900 0.462678670883
1000 0.585717995962
1100 0.779087305069
1200 0.97848200798
1300 1.45501367251
1400 1.57398899396
1500 1.88373931249
1600 2.1816256841
1700 2.84573070208
1800 3.00026837985
1900 3.48252606392
2000 4.12237334251
2100 4.76448472341
2200 5.44733802478
2300 6.11203432083
2400 7.01989738146
2500 7.85975297292
2600 8.49311232567
2700 9.52933565776
2800 10.4550615946
2900 11.9715226491
3000 13.2224533558
