100 0.00500734647115
200 0.0103013515472
300 0.0422073205312
400 0.0611817042033
500 0.105934699376
600 0.188473304113
700 0.242860635122
800 0.359129667282
900 0.524040937424
1000 0.76044400533
1100 0.928732951482
1200 0.958856344223
1300 1.24956266085
1400 1.69545269012
1500 2.0209689935
1600 2.26841060321
1700 2.7994743983
1800 2.92337870598
1900 3.63119403521
2000 4.16518831253
2100 5.19097002347
2200 5.41621335347
2300 6.30870366096
2400 7.05504536629
2500 7.6995926698
2600 8.55030337969
2700 10.1063243548
2800 11.7645130157
2900 12.0469333331
3000 12.8904636701
